
====================================================================================================
  L1 vs L2  (min_component=0)
====================================================================================================
  Vector                    Valid    Jaccard   Spearman   Verdict
  -------------------------------------------------------------------------------------
  (50, 25, 25)                 72       1.00       1.00   ✓ AGREEMENT

  (60, 20, 20)                108       1.00       0.99   ✓ AGREEMENT

  (70, 15, 15)                164       1.00       0.98   ✓ AGREEMENT

  (50, 30, 20)                 72       1.00       0.99   ✓ AGREEMENT

  (25, 25, 25, 25)          27264       1.00       0.99   ✓ AGREEMENT

  (40, 30, 20, 10)          31751       0.00       0.99   △ TIEBREAK
                          MaxMin top-10 scores all ≈0.128 (flat cluster → arbitrary tiebreaking)

  (20, 20, 20, 20, 20)    1692000       0.00       0.99   △ TIEBREAK
                          MaxMin top-10 scores all ≈0.163 (flat cluster → arbitrary tiebreaking)


====================================================================================================
  L1 vs Leontief  (min_component=10)
====================================================================================================
  Vector                    Valid    Jaccard   Spearman   Verdict
  -------------------------------------------------------------------------------------
  (50, 25, 25)                494       1.00       0.90   ~ PARTIAL

  (60, 20, 20)                328       1.00       0.85   ~ PARTIAL

  (70, 15, 15)                 85       1.00       0.88   ~ PARTIAL

  (50, 30, 20)                597       0.67       0.85   ✗ DIVERGENCE

      Cross-score matrix — each formula's top-10 pairs:

                      Vector A vs           Vector B       MM     WCC      HM   gain_a  gain_b
      ---------------------------------------------------------------------------------------------------------
      max_min's top-10:
        #1        (45, 10, 45) vs       (25, 15, 60)    0.282   0.289   0.315    0.357   0.282
        #2        (50, 10, 40) vs       (25, 15, 60)    0.282   0.302   0.357    0.487   0.282
        #3        (55, 10, 35) vs       (25, 15, 60)    0.282   0.302   0.357    0.487   0.282
        #4        (60, 10, 30) vs       (25, 15, 60)    0.282   0.302   0.357    0.487   0.282
        #5        (65, 10, 25) vs       (25, 15, 60)    0.282   0.302   0.357    0.487   0.282
        #6        (70, 10, 20) vs       (25, 15, 60)    0.282   0.302   0.357    0.487   0.282
        #7        (75, 10, 15) vs       (25, 15, 60)    0.282   0.289   0.315    0.357   0.282
        #8        (50, 10, 40) vs       (25, 20, 55)    0.282   0.290   0.318    0.366   0.282
        #9        (55, 10, 35) vs       (25, 20, 55)    0.282   0.290   0.318    0.366   0.282
       #10        (60, 10, 30) vs       (25, 20, 55)    0.282   0.290   0.318    0.366   0.282

      weighted_cc's top-10:
        #1        (50, 10, 40) vs       (25, 15, 60)    0.282   0.302   0.357    0.487   0.282
        #2        (55, 10, 35) vs       (25, 15, 60)    0.282   0.302   0.357    0.487   0.282
        #3        (60, 10, 30) vs       (25, 15, 60)    0.282   0.302   0.357    0.487   0.282
        #4        (65, 10, 25) vs       (25, 15, 60)    0.282   0.302   0.357    0.487   0.282
        #5        (70, 10, 20) vs       (25, 15, 60)    0.282   0.302   0.357    0.487   0.282
        #6        (50, 10, 40) vs       (25, 20, 55)    0.282   0.290   0.318    0.366   0.282
        #7        (55, 10, 35) vs       (25, 20, 55)    0.282   0.290   0.318    0.366   0.282
        #8        (60, 10, 30) vs       (25, 20, 55)    0.282   0.290   0.318    0.366   0.282
        #9        (65, 10, 25) vs       (25, 20, 55)    0.282   0.290   0.318    0.366   0.282
       #10        (70, 10, 20) vs       (25, 20, 55)    0.282   0.290   0.318    0.366   0.282

      harmonic_mean's top-10:
        #1        (50, 10, 40) vs       (25, 15, 60)    0.282   0.302   0.357    0.487   0.282
        #2        (55, 10, 35) vs       (25, 15, 60)    0.282   0.302   0.357    0.487   0.282
        #3        (60, 10, 30) vs       (25, 15, 60)    0.282   0.302   0.357    0.487   0.282
        #4        (65, 10, 25) vs       (25, 15, 60)    0.282   0.302   0.357    0.487   0.282
        #5        (70, 10, 20) vs       (25, 15, 60)    0.282   0.302   0.357    0.487   0.282
        #6        (50, 10, 40) vs       (25, 20, 55)    0.282   0.290   0.318    0.366   0.282
        #7        (55, 10, 35) vs       (25, 20, 55)    0.282   0.290   0.318    0.366   0.282
        #8        (60, 10, 30) vs       (25, 20, 55)    0.282   0.290   0.318    0.366   0.282
        #9        (65, 10, 25) vs       (25, 20, 55)    0.282   0.290   0.318    0.366   0.282
       #10        (70, 10, 20) vs       (25, 20, 55)    0.282   0.290   0.318    0.366   0.282


  (25, 25, 25, 25)           3712       1.00       1.00   ✓ AGREEMENT

  (40, 30, 20, 10)          10318       0.18       0.79   ✗ DIVERGENCE

      Cross-score matrix — each formula's top-10 pairs:

                      Vector A vs           Vector B       MM     WCC      HM   gain_a  gain_b
      ---------------------------------------------------------------------------------------------------------
      max_min's top-10:
        #1    (35, 10, 20, 35) vs   (20, 15, 10, 55)    0.381   0.395   0.439    0.517   0.381
        #2    (35, 10, 25, 30) vs   (20, 15, 10, 55)    0.381   0.395   0.439    0.517   0.381
        #3    (35, 10, 30, 25) vs   (20, 15, 10, 55)    0.381   0.395   0.439    0.517   0.381
        #4    (35, 10, 35, 20) vs   (20, 15, 10, 55)    0.381   0.395   0.439    0.517   0.381
        #5    (35, 10, 40, 15) vs   (20, 15, 10, 55)    0.381   0.395   0.439    0.517   0.381
        #6    (35, 10, 45, 10) vs   (20, 15, 10, 55)    0.381   0.395   0.439    0.517   0.381
        #7    (40, 10, 15, 35) vs   (20, 15, 10, 55)    0.381   0.395   0.439    0.517   0.381
        #8    (40, 10, 20, 30) vs   (20, 15, 10, 55)    0.381   0.410   0.487    0.673   0.381
        #9    (40, 10, 25, 25) vs   (20, 15, 10, 55)    0.381   0.410   0.487    0.673   0.381
       #10    (40, 10, 30, 20) vs   (20, 15, 10, 55)    0.381   0.410   0.487    0.673   0.381

      weighted_cc's top-10:
        #1    (40, 10, 20, 30) vs   (20, 15, 10, 55)    0.381   0.410   0.487    0.673   0.381
        #2    (40, 10, 25, 25) vs   (20, 15, 10, 55)    0.381   0.410   0.487    0.673   0.381
        #3    (40, 10, 30, 20) vs   (20, 15, 10, 55)    0.381   0.410   0.487    0.673   0.381
        #4    (40, 10, 35, 15) vs   (20, 15, 10, 55)    0.381   0.410   0.487    0.673   0.381
        #5    (40, 10, 40, 10) vs   (20, 15, 10, 55)    0.381   0.410   0.487    0.673   0.381
        #6    (45, 10, 20, 25) vs   (20, 15, 10, 55)    0.381   0.410   0.487    0.673   0.381
        #7    (45, 10, 25, 20) vs   (20, 15, 10, 55)    0.381   0.410   0.487    0.673   0.381
        #8    (45, 10, 30, 15) vs   (20, 15, 10, 55)    0.381   0.410   0.487    0.673   0.381
        #9    (45, 10, 35, 10) vs   (20, 15, 10, 55)    0.381   0.410   0.487    0.673   0.381
       #10    (50, 10, 20, 20) vs   (20, 15, 10, 55)    0.381   0.410   0.487    0.673   0.381

      harmonic_mean's top-10:
        #1    (40, 10, 20, 30) vs   (20, 15, 10, 55)    0.381   0.410   0.487    0.673   0.381
        #2    (40, 10, 25, 25) vs   (20, 15, 10, 55)    0.381   0.410   0.487    0.673   0.381
        #3    (40, 10, 30, 20) vs   (20, 15, 10, 55)    0.381   0.410   0.487    0.673   0.381
        #4    (40, 10, 35, 15) vs   (20, 15, 10, 55)    0.381   0.410   0.487    0.673   0.381
        #5    (40, 10, 40, 10) vs   (20, 15, 10, 55)    0.381   0.410   0.487    0.673   0.381
        #6    (45, 10, 20, 25) vs   (20, 15, 10, 55)    0.381   0.410   0.487    0.673   0.381
        #7    (45, 10, 25, 20) vs   (20, 15, 10, 55)    0.381   0.410   0.487    0.673   0.381
        #8    (45, 10, 30, 15) vs   (20, 15, 10, 55)    0.381   0.410   0.487    0.673   0.381
        #9    (45, 10, 35, 10) vs   (20, 15, 10, 55)    0.381   0.410   0.487    0.673   0.381
       #10    (50, 10, 20, 20) vs   (20, 15, 10, 55)    0.381   0.410   0.487    0.673   0.381


  (20, 20, 20, 20, 20)       3250       1.00       1.00   ✓ AGREEMENT


====================================================================================================
  L2 vs Leontief  (min_component=10)
====================================================================================================
  Vector                    Valid    Jaccard   Spearman   Verdict
  -------------------------------------------------------------------------------------
  (50, 25, 25)                606       1.00       0.97   ✓ AGREEMENT

  (60, 20, 20)                484       0.25       0.97   △ TIEBREAK
                          MaxMin top-10 scores all ≈0.223 (flat cluster → arbitrary tiebreaking)

  (70, 15, 15)                245       1.00       0.97   ✓ AGREEMENT

  (50, 30, 20)                717       0.54       0.96   △ TIEBREAK
                          MaxMin top-10 scores all ≈0.282 (flat cluster → arbitrary tiebreaking)

  (25, 25, 25, 25)           5248       0.00       1.00   △ TIEBREAK
                          MaxMin top-10 scores all ≈0.463 (flat cluster → arbitrary tiebreaking)

  (40, 30, 20, 10)          12222       0.00       0.96   △ TIEBREAK

      Cross-score matrix — each formula's top-10 pairs:

                      Vector A vs           Vector B       MM     WCC      HM   gain_a  gain_b
      ---------------------------------------------------------------------------------------------------------
      max_min's top-10:
        #1    (10, 40, 30, 20) vs   (20, 15, 10, 55)    0.385   0.404   0.459    0.385   0.567
        #2    (30, 10, 25, 35) vs   (20, 15, 10, 55)    0.381   0.383   0.391    0.401   0.381
        #3    (30, 10, 30, 30) vs   (20, 15, 10, 55)    0.381   0.389   0.418    0.463   0.381
        #4    (30, 10, 35, 25) vs   (20, 15, 10, 55)    0.381   0.392   0.430    0.493   0.381
        #5    (30, 10, 40, 20) vs   (20, 15, 10, 55)    0.381   0.389   0.418    0.463   0.381
        #6    (30, 10, 45, 15) vs   (20, 15, 10, 55)    0.381   0.383   0.391    0.401   0.381
        #7    (35, 10, 20, 35) vs   (20, 15, 10, 55)    0.381   0.387   0.408    0.438   0.381
        #8    (35, 10, 25, 30) vs   (20, 15, 10, 55)    0.381   0.397   0.448    0.544   0.381
        #9    (35, 10, 30, 25) vs   (20, 15, 10, 55)    0.381   0.402   0.463    0.590   0.381
       #10    (35, 10, 35, 20) vs   (20, 15, 10, 55)    0.381   0.402   0.463    0.590   0.381

      weighted_cc's top-10:
        #1    (45, 10, 25, 20) vs   (20, 15, 10, 55)    0.381   0.414   0.495    0.706   0.381
        #2    (45, 10, 30, 15) vs   (20, 15, 10, 55)    0.381   0.414   0.495    0.706   0.381
        #3    (50, 10, 25, 15) vs   (20, 15, 10, 55)    0.381   0.414   0.495    0.706   0.381
        #4    (40, 10, 30, 20) vs   (20, 15, 10, 55)    0.381   0.411   0.489    0.683   0.381
        #5    (50, 10, 20, 20) vs   (20, 15, 10, 55)    0.381   0.411   0.489    0.683   0.381
        #6    (50, 10, 30, 10) vs   (20, 15, 10, 55)    0.381   0.411   0.489    0.683   0.381
        #7    (45, 10, 25, 20) vs   (20, 15, 15, 50)    0.381   0.408   0.479    0.646   0.381
        #8    (45, 10, 30, 15) vs   (20, 15, 15, 50)    0.381   0.408   0.479    0.646   0.381
        #9    (50, 10, 25, 15) vs   (20, 15, 15, 50)    0.381   0.408   0.479    0.646   0.381
       #10    (40, 10, 25, 25) vs   (20, 15, 10, 55)    0.381   0.407   0.477    0.639   0.381

      harmonic_mean's top-10:
        #1    (45, 10, 25, 20) vs   (20, 15, 10, 55)    0.381   0.414   0.495    0.706   0.381
        #2    (45, 10, 30, 15) vs   (20, 15, 10, 55)    0.381   0.414   0.495    0.706   0.381
        #3    (50, 10, 25, 15) vs   (20, 15, 10, 55)    0.381   0.414   0.495    0.706   0.381
        #4    (40, 10, 30, 20) vs   (20, 15, 10, 55)    0.381   0.411   0.489    0.683   0.381
        #5    (50, 10, 20, 20) vs   (20, 15, 10, 55)    0.381   0.411   0.489    0.683   0.381
        #6    (50, 10, 30, 10) vs   (20, 15, 10, 55)    0.381   0.411   0.489    0.683   0.381
        #7    (45, 10, 25, 20) vs   (20, 15, 15, 50)    0.381   0.408   0.479    0.646   0.381
        #8    (45, 10, 30, 15) vs   (20, 15, 15, 50)    0.381   0.408   0.479    0.646   0.381
        #9    (50, 10, 25, 15) vs   (20, 15, 15, 50)    0.381   0.408   0.479    0.646   0.381
       #10    (40, 10, 25, 25) vs   (20, 15, 10, 55)    0.381   0.407   0.477    0.639   0.381


  (20, 20, 20, 20, 20)       6700       1.00       1.00   ✓ AGREEMENT


====================================================================================================
  KL vs L1  (min_component=10)
====================================================================================================
  Vector                    Valid    Jaccard   Spearman   Verdict
  -------------------------------------------------------------------------------------
  (50, 25, 25)                136       1.00       0.98   ✓ AGREEMENT

  (60, 20, 20)                 46       0.67       0.99   △ TIEBREAK

      Cross-score matrix — each formula's top-10 pairs:

                      Vector A vs           Vector B       MM     WCC      HM   gain_a  gain_b
      ---------------------------------------------------------------------------------------------------------
      max_min's top-10:
        #1        (15, 10, 75) vs       (10, 20, 70)    0.080   0.081   0.086    0.092   0.080
        #2        (15, 75, 10) vs       (10, 20, 70)    0.080   0.081   0.086    0.092   0.080
        #3        (15, 10, 75) vs       (10, 70, 20)    0.080   0.081   0.086    0.092   0.080
        #4        (15, 75, 10) vs       (10, 70, 20)    0.080   0.081   0.086    0.092   0.080
        #5        (15, 10, 75) vs       (10, 25, 65)    0.076   0.076   0.078    0.076   0.080
        #6        (15, 75, 10) vs       (10, 25, 65)    0.076   0.076   0.078    0.076   0.080
        #7        (15, 10, 75) vs       (10, 65, 25)    0.076   0.076   0.078    0.076   0.080
        #8        (15, 75, 10) vs       (10, 65, 25)    0.076   0.076   0.078    0.076   0.080
        #9        (15, 10, 75) vs       (10, 60, 30)    0.063   0.065   0.070    0.063   0.080
       #10        (15, 75, 10) vs       (10, 60, 30)    0.063   0.065   0.070    0.063   0.080

      weighted_cc's top-10:
        #1        (15, 10, 75) vs       (10, 20, 70)    0.080   0.081   0.086    0.092   0.080
        #2        (15, 75, 10) vs       (10, 20, 70)    0.080   0.081   0.086    0.092   0.080
        #3        (15, 10, 75) vs       (10, 70, 20)    0.080   0.081   0.086    0.092   0.080
        #4        (15, 75, 10) vs       (10, 70, 20)    0.080   0.081   0.086    0.092   0.080
        #5        (15, 10, 75) vs       (10, 25, 65)    0.076   0.076   0.078    0.076   0.080
        #6        (15, 75, 10) vs       (10, 25, 65)    0.076   0.076   0.078    0.076   0.080
        #7        (15, 10, 75) vs       (10, 65, 25)    0.076   0.076   0.078    0.076   0.080
        #8        (15, 75, 10) vs       (10, 65, 25)    0.076   0.076   0.078    0.076   0.080
        #9        (15, 10, 75) vs       (10, 60, 30)    0.063   0.065   0.070    0.063   0.080
       #10        (15, 75, 10) vs       (10, 60, 30)    0.063   0.065   0.070    0.063   0.080

      harmonic_mean's top-10:
        #1        (15, 10, 75) vs       (10, 20, 70)    0.080   0.081   0.086    0.092   0.080
        #2        (15, 75, 10) vs       (10, 20, 70)    0.080   0.081   0.086    0.092   0.080
        #3        (15, 10, 75) vs       (10, 70, 20)    0.080   0.081   0.086    0.092   0.080
        #4        (15, 75, 10) vs       (10, 70, 20)    0.080   0.081   0.086    0.092   0.080
        #5        (15, 10, 75) vs       (10, 25, 65)    0.076   0.076   0.078    0.076   0.080
        #6        (15, 75, 10) vs       (10, 25, 65)    0.076   0.076   0.078    0.076   0.080
        #7        (15, 10, 75) vs       (10, 65, 25)    0.076   0.076   0.078    0.076   0.080
        #8        (15, 75, 10) vs       (10, 65, 25)    0.076   0.076   0.078    0.076   0.080
        #9        (20, 10, 70) vs       (15, 20, 65)    0.050   0.058   0.071    0.050   0.122
       #10        (20, 70, 10) vs       (15, 20, 65)    0.050   0.058   0.071    0.050   0.122


  (70, 15, 15)            pairs: 0         → ⚠ DEGENERATE
                          Models agree completely — no discriminating pairs exist.

  (50, 30, 20)                135       1.00       0.99   ✓ AGREEMENT

  (25, 25, 25, 25)           1248       1.00       1.00   ✓ AGREEMENT

  (40, 30, 20, 10)           2866       0.05       0.99   △ TIEBREAK

      Cross-score matrix — each formula's top-10 pairs:

                      Vector A vs           Vector B       MM     WCC      HM   gain_a  gain_b
      ---------------------------------------------------------------------------------------------------------
      max_min's top-10:
        #1    (20, 20, 40, 20) vs   (15, 30, 20, 35)    0.174   0.175   0.178    0.183   0.174
        #2    (25, 15, 35, 25) vs   (15, 30, 20, 35)    0.174   0.174   0.176    0.178   0.174
        #3    (25, 15, 40, 20) vs   (15, 30, 20, 35)    0.174   0.176   0.185    0.198   0.174
        #4    (20, 20, 40, 20) vs   (40, 10, 15, 35)    0.174   0.174   0.175    0.176   0.174
        #5    (25, 15, 40, 20) vs   (35, 10, 20, 35)    0.174   0.175   0.177    0.181   0.174
        #6    (25, 15, 40, 20) vs   (40, 10, 15, 35)    0.174   0.176   0.182    0.192   0.174
        #7    (25, 15, 45, 15) vs   (15, 30, 20, 35)    0.174   0.174   0.174    0.174   0.174
        #8    (25, 15, 35, 25) vs   (40, 10, 15, 35)    0.172   0.172   0.173    0.172   0.174
        #9    (20, 50, 10, 20) vs   (15, 30, 20, 35)    0.170   0.170   0.172    0.170   0.174
       #10    (20, 55, 10, 15) vs   (15, 30, 20, 35)    0.167   0.168   0.171    0.167   0.174

      weighted_cc's top-10:
        #1    (25, 15, 40, 20) vs   (15, 30, 20, 35)    0.174   0.176   0.185    0.198   0.174
        #2    (25, 15, 40, 20) vs   (40, 10, 15, 35)    0.174   0.176   0.182    0.192   0.174
        #3    (20, 20, 40, 20) vs   (15, 30, 20, 35)    0.174   0.175   0.178    0.183   0.174
        #4    (25, 15, 40, 20) vs   (35, 10, 20, 35)    0.174   0.175   0.177    0.181   0.174
        #5    (25, 15, 35, 25) vs   (15, 30, 20, 35)    0.174   0.174   0.176    0.178   0.174
        #6    (20, 20, 40, 20) vs   (40, 10, 15, 35)    0.174   0.174   0.175    0.176   0.174
        #7    (25, 15, 45, 15) vs   (15, 30, 20, 35)    0.174   0.174   0.174    0.174   0.174
        #8    (25, 15, 35, 25) vs   (40, 10, 15, 35)    0.172   0.172   0.173    0.172   0.174
        #9    (20, 50, 10, 20) vs   (15, 30, 20, 35)    0.170   0.170   0.172    0.170   0.174
       #10    (20, 55, 10, 15) vs   (15, 30, 20, 35)    0.167   0.168   0.171    0.167   0.174

      harmonic_mean's top-10:
        #1    (20, 15, 45, 20) vs   (10, 30, 20, 40)    0.154   0.165   0.195    0.267   0.154
        #2    (20, 15, 40, 25) vs   (10, 30, 20, 40)    0.154   0.165   0.195    0.264   0.154
        #3    (20, 15, 50, 15) vs   (10, 30, 20, 40)    0.154   0.164   0.190    0.249   0.154
        #4    (20, 15, 35, 30) vs   (10, 30, 20, 40)    0.154   0.163   0.189    0.244   0.154
        #5    (20, 15, 45, 20) vs   (10, 30, 25, 35)    0.154   0.163   0.187    0.238   0.154
        #6    (20, 15, 40, 25) vs   (10, 30, 25, 35)    0.154   0.162   0.186    0.236   0.154
        #7    (20, 15, 45, 20) vs   (10, 35, 20, 35)    0.154   0.162   0.186    0.236   0.154
        #8    (20, 15, 40, 25) vs   (10, 35, 20, 35)    0.154   0.162   0.186    0.233   0.154
        #9    (25, 15, 40, 20) vs   (15, 30, 20, 35)    0.174   0.176   0.185    0.198   0.174
       #10    (25, 20, 35, 20) vs   (40, 10, 20, 30)    0.156   0.163   0.185    0.227   0.156


  (20, 20, 20, 20, 20)       1000       1.00       1.00   ✓ AGREEMENT


====================================================================================================
  KL vs L2  (min_component=10)
====================================================================================================
  Vector                    Valid    Jaccard   Spearman   Verdict
  -------------------------------------------------------------------------------------
  (50, 25, 25)                230       0.43       0.94   ✗ DIVERGENCE

      Cross-score matrix — each formula's top-10 pairs:

                      Vector A vs           Vector B       MM     WCC      HM   gain_a  gain_b
      ---------------------------------------------------------------------------------------------------------
      max_min's top-10:
        #1        (35, 20, 45) vs       (50, 10, 40)    0.092   0.096   0.108    0.130   0.092
        #2        (35, 20, 45) vs       (50, 40, 10)    0.092   0.096   0.108    0.130   0.092
        #3        (35, 20, 45) vs       (65, 10, 25)    0.092   0.093   0.094    0.097   0.092
        #4        (35, 20, 45) vs       (65, 25, 10)    0.092   0.093   0.094    0.097   0.092
        #5        (35, 45, 20) vs       (50, 10, 40)    0.092   0.095   0.105    0.122   0.092
        #6        (35, 45, 20) vs       (50, 40, 10)    0.092   0.095   0.105    0.122   0.092
        #7        (35, 45, 20) vs       (65, 10, 25)    0.088   0.089   0.090    0.088   0.092
        #8        (35, 45, 20) vs       (65, 25, 10)    0.088   0.089   0.090    0.088   0.092
        #9        (70, 15, 15) vs       (55, 10, 35)    0.088   0.091   0.101    0.088   0.118
       #10        (70, 15, 15) vs       (55, 35, 10)    0.088   0.091   0.101    0.088   0.118

      weighted_cc's top-10:
        #1        (35, 20, 45) vs       (50, 10, 40)    0.092   0.096   0.108    0.130   0.092
        #2        (35, 20, 45) vs       (50, 40, 10)    0.092   0.096   0.108    0.130   0.092
        #3        (35, 45, 20) vs       (50, 10, 40)    0.092   0.095   0.105    0.122   0.092
        #4        (35, 45, 20) vs       (50, 40, 10)    0.092   0.095   0.105    0.122   0.092
        #5        (35, 20, 45) vs       (65, 10, 25)    0.092   0.093   0.094    0.097   0.092
        #6        (35, 20, 45) vs       (65, 25, 10)    0.092   0.093   0.094    0.097   0.092
        #7        (70, 15, 15) vs       (55, 10, 35)    0.088   0.091   0.101    0.088   0.118
        #8        (70, 15, 15) vs       (55, 35, 10)    0.088   0.091   0.101    0.088   0.118
        #9        (35, 20, 45) vs       (55, 10, 35)    0.080   0.089   0.108    0.080   0.168
       #10        (35, 20, 45) vs       (55, 35, 10)    0.080   0.089   0.108    0.080   0.168

      harmonic_mean's top-10:
        #1        (35, 20, 45) vs       (55, 10, 35)    0.080   0.089   0.108    0.080   0.168
        #2        (35, 20, 45) vs       (55, 35, 10)    0.080   0.089   0.108    0.080   0.168
        #3        (35, 20, 45) vs       (50, 10, 40)    0.092   0.096   0.108    0.130   0.092
        #4        (35, 20, 45) vs       (50, 40, 10)    0.092   0.096   0.108    0.130   0.092
        #5        (35, 45, 20) vs       (50, 10, 40)    0.092   0.095   0.105    0.122   0.092
        #6        (35, 45, 20) vs       (50, 40, 10)    0.092   0.095   0.105    0.122   0.092
        #7        (70, 15, 15) vs       (55, 10, 35)    0.088   0.091   0.101    0.088   0.118
        #8        (70, 15, 15) vs       (55, 35, 10)    0.088   0.091   0.101    0.088   0.118
        #9        (35, 45, 20) vs       (55, 10, 35)    0.071   0.081   0.100    0.071   0.168
       #10        (35, 45, 20) vs       (55, 35, 10)    0.071   0.081   0.100    0.071   0.168


  (60, 20, 20)                182       1.00       0.95   ~ PARTIAL

  (70, 15, 15)                126       0.43       0.92   ✗ DIVERGENCE

      Cross-score matrix — each formula's top-10 pairs:

                      Vector A vs           Vector B       MM     WCC      HM   gain_a  gain_b
      ---------------------------------------------------------------------------------------------------------
      max_min's top-10:
        #1        (15, 10, 75) vs       (10, 30, 60)    0.059   0.059   0.059    0.059   0.059
        #2        (15, 75, 10) vs       (10, 30, 60)    0.059   0.059   0.059    0.059   0.059
        #3        (15, 10, 75) vs       (10, 60, 30)    0.059   0.059   0.059    0.059   0.059
        #4        (15, 75, 10) vs       (10, 60, 30)    0.059   0.059   0.059    0.059   0.059
        #5        (20, 10, 70) vs       (15, 25, 60)    0.050   0.052   0.056    0.063   0.050
        #6        (20, 70, 10) vs       (15, 25, 60)    0.050   0.052   0.056    0.063   0.050
        #7        (20, 10, 70) vs       (15, 30, 55)    0.050   0.054   0.063    0.050   0.084
        #8        (20, 70, 10) vs       (15, 30, 55)    0.050   0.054   0.063    0.050   0.084
        #9        (20, 10, 70) vs       (15, 55, 30)    0.050   0.054   0.063    0.050   0.084
       #10        (20, 70, 10) vs       (15, 55, 30)    0.050   0.054   0.063    0.050   0.084

      weighted_cc's top-10:
        #1        (15, 10, 75) vs       (10, 30, 60)    0.059   0.059   0.059    0.059   0.059
        #2        (15, 75, 10) vs       (10, 30, 60)    0.059   0.059   0.059    0.059   0.059
        #3        (15, 10, 75) vs       (10, 60, 30)    0.059   0.059   0.059    0.059   0.059
        #4        (15, 75, 10) vs       (10, 60, 30)    0.059   0.059   0.059    0.059   0.059
        #5        (20, 10, 70) vs       (15, 30, 55)    0.050   0.054   0.063    0.050   0.084
        #6        (20, 70, 10) vs       (15, 30, 55)    0.050   0.054   0.063    0.050   0.084
        #7        (20, 10, 70) vs       (15, 55, 30)    0.050   0.054   0.063    0.050   0.084
        #8        (20, 70, 10) vs       (15, 55, 30)    0.050   0.054   0.063    0.050   0.084
        #9        (20, 10, 70) vs       (15, 60, 25)    0.050   0.053   0.059    0.071   0.050
       #10        (20, 70, 10) vs       (15, 60, 25)    0.050   0.053   0.059    0.071   0.050

      harmonic_mean's top-10:
        #1        (20, 10, 70) vs       (15, 30, 55)    0.050   0.054   0.063    0.050   0.084
        #2        (20, 70, 10) vs       (15, 30, 55)    0.050   0.054   0.063    0.050   0.084
        #3        (20, 10, 70) vs       (15, 55, 30)    0.050   0.054   0.063    0.050   0.084
        #4        (20, 70, 10) vs       (15, 55, 30)    0.050   0.054   0.063    0.050   0.084
        #5        (15, 15, 70) vs       (10, 50, 40)    0.046   0.050   0.060    0.046   0.084
        #6        (15, 70, 15) vs       (10, 50, 40)    0.046   0.050   0.060    0.046   0.084
        #7        (20, 10, 70) vs       (15, 60, 25)    0.050   0.053   0.059    0.071   0.050
        #8        (20, 70, 10) vs       (15, 60, 25)    0.050   0.053   0.059    0.071   0.050
        #9        (15, 10, 75) vs       (10, 30, 60)    0.059   0.059   0.059    0.059   0.059
       #10        (15, 75, 10) vs       (10, 30, 60)    0.059   0.059   0.059    0.059   0.059


  (50, 30, 20)                246       0.67       0.97   △ TIEBREAK

      Cross-score matrix — each formula's top-10 pairs:

                      Vector A vs           Vector B       MM     WCC      HM   gain_a  gain_b
      ---------------------------------------------------------------------------------------------------------
      max_min's top-10:
        #1        (30, 55, 15) vs       (55, 10, 35)    0.118   0.120   0.129    0.118   0.143
        #2        (30, 50, 20) vs       (60, 10, 30)    0.101   0.101   0.103    0.101   0.105
        #3        (25, 50, 25) vs       (50, 10, 40)    0.092   0.092   0.092    0.092   0.092
        #4        (30, 25, 45) vs       (50, 10, 40)    0.092   0.094   0.100    0.109   0.092
        #5        (30, 30, 40) vs       (60, 10, 30)    0.092   0.094   0.098    0.092   0.105
        #6        (30, 55, 15) vs       (50, 10, 40)    0.092   0.098   0.115    0.151   0.092
        #7        (30, 55, 15) vs       (70, 10, 20)    0.092   0.092   0.092    0.092   0.092
        #8        (35, 20, 45) vs       (55, 10, 35)    0.092   0.093   0.096    0.101   0.092
        #9        (35, 55, 10) vs       (55, 10, 35)    0.092   0.094   0.100    0.109   0.092
       #10        (75, 15, 10) vs       (55, 10, 35)    0.092   0.092   0.092    0.092   0.092

      weighted_cc's top-10:
        #1        (30, 55, 15) vs       (55, 10, 35)    0.118   0.120   0.129    0.118   0.143
        #2        (30, 50, 20) vs       (60, 10, 30)    0.101   0.101   0.103    0.101   0.105
        #3        (30, 55, 15) vs       (50, 10, 40)    0.092   0.098   0.115    0.151   0.092
        #4        (30, 25, 45) vs       (50, 10, 40)    0.092   0.094   0.100    0.109   0.092
        #5        (35, 55, 10) vs       (55, 10, 35)    0.092   0.094   0.100    0.109   0.092
        #6        (30, 30, 40) vs       (60, 10, 30)    0.092   0.094   0.098    0.092   0.105
        #7        (35, 20, 45) vs       (55, 10, 35)    0.092   0.093   0.096    0.101   0.092
        #8        (25, 50, 25) vs       (50, 10, 40)    0.092   0.092   0.092    0.092   0.092
        #9        (30, 55, 15) vs       (70, 10, 20)    0.092   0.092   0.092    0.092   0.092
       #10        (75, 15, 10) vs       (55, 10, 35)    0.092   0.092   0.092    0.092   0.092

      harmonic_mean's top-10:
        #1        (30, 55, 15) vs       (55, 10, 35)    0.118   0.120   0.129    0.118   0.143
        #2        (30, 55, 15) vs       (50, 10, 40)    0.092   0.098   0.115    0.151   0.092
        #3        (30, 55, 15) vs       (60, 10, 30)    0.076   0.088   0.109    0.076   0.197
        #4        (30, 50, 20) vs       (60, 10, 30)    0.101   0.101   0.103    0.101   0.105
        #5        (30, 25, 45) vs       (50, 10, 40)    0.092   0.094   0.100    0.109   0.092
        #6        (35, 55, 10) vs       (55, 10, 35)    0.092   0.094   0.100    0.109   0.092
        #7        (30, 25, 45) vs       (55, 10, 35)    0.076   0.082   0.099    0.076   0.143
        #8        (30, 30, 40) vs       (60, 10, 30)    0.092   0.094   0.098    0.092   0.105
        #9        (35, 20, 45) vs       (55, 10, 35)    0.092   0.093   0.096    0.101   0.092
       #10        (25, 50, 25) vs       (50, 10, 40)    0.092   0.092   0.092    0.092   0.092


  (25, 25, 25, 25)           3648       0.00       0.90   ✗ DIVERGENCE

      Cross-score matrix — each formula's top-10 pairs:

                      Vector A vs           Vector B       MM     WCC      HM   gain_a  gain_b
      ---------------------------------------------------------------------------------------------------------
      max_min's top-10:
        #1    (15, 20, 20, 45) vs   (10, 20, 35, 35)    0.106   0.108   0.117    0.132   0.106
        #2    (15, 20, 45, 20) vs   (10, 20, 35, 35)    0.106   0.108   0.116    0.128   0.106
        #3    (15, 45, 20, 20) vs   (10, 20, 35, 35)    0.106   0.107   0.111    0.117   0.106
        #4    (20, 15, 20, 45) vs   (10, 20, 35, 35)    0.106   0.108   0.117    0.132   0.106
        #5    (20, 15, 45, 20) vs   (10, 20, 35, 35)    0.106   0.108   0.116    0.128   0.106
        #6    (20, 20, 15, 45) vs   (10, 20, 35, 35)    0.106   0.107   0.111    0.117   0.106
        #7    (20, 20, 45, 15) vs   (10, 20, 35, 35)    0.106   0.107   0.111    0.117   0.106
        #8    (20, 45, 15, 20) vs   (10, 20, 35, 35)    0.106   0.107   0.111    0.117   0.106
        #9    (20, 45, 20, 15) vs   (10, 20, 35, 35)    0.106   0.107   0.111    0.117   0.106
       #10    (45, 15, 20, 20) vs   (10, 20, 35, 35)    0.106   0.107   0.111    0.117   0.106

      weighted_cc's top-10:
        #1    (15, 20, 20, 45) vs   (10, 35, 20, 35)    0.106   0.110   0.125    0.152   0.106
        #2    (20, 15, 20, 45) vs   (10, 35, 20, 35)    0.106   0.110   0.125    0.152   0.106
        #3    (15, 20, 20, 45) vs   (20, 35, 10, 35)    0.106   0.110   0.125    0.152   0.106
        #4    (15, 20, 20, 45) vs   (35, 10, 20, 35)    0.106   0.110   0.125    0.152   0.106
        #5    (15, 20, 20, 45) vs   (35, 20, 10, 35)    0.106   0.110   0.125    0.152   0.106
        #6    (20, 15, 20, 45) vs   (20, 35, 10, 35)    0.106   0.110   0.125    0.152   0.106
        #7    (20, 15, 20, 45) vs   (35, 10, 20, 35)    0.106   0.110   0.125    0.152   0.106
        #8    (20, 15, 20, 45) vs   (35, 20, 10, 35)    0.106   0.110   0.125    0.152   0.106
        #9    (15, 20, 45, 20) vs   (10, 35, 20, 35)    0.106   0.110   0.123    0.148   0.106
       #10    (20, 15, 45, 20) vs   (10, 35, 20, 35)    0.106   0.110   0.123    0.148   0.106

      harmonic_mean's top-10:
        #1    (15, 20, 20, 45) vs   (10, 35, 20, 35)    0.106   0.110   0.125    0.152   0.106
        #2    (20, 15, 20, 45) vs   (10, 35, 20, 35)    0.106   0.110   0.125    0.152   0.106
        #3    (15, 20, 20, 45) vs   (20, 35, 10, 35)    0.106   0.110   0.125    0.152   0.106
        #4    (15, 20, 20, 45) vs   (35, 10, 20, 35)    0.106   0.110   0.125    0.152   0.106
        #5    (15, 20, 20, 45) vs   (35, 20, 10, 35)    0.106   0.110   0.125    0.152   0.106
        #6    (20, 15, 20, 45) vs   (20, 35, 10, 35)    0.106   0.110   0.125    0.152   0.106
        #7    (20, 15, 20, 45) vs   (35, 10, 20, 35)    0.106   0.110   0.125    0.152   0.106
        #8    (20, 15, 20, 45) vs   (35, 20, 10, 35)    0.106   0.110   0.125    0.152   0.106
        #9    (15, 20, 45, 20) vs   (10, 35, 20, 35)    0.106   0.110   0.123    0.148   0.106
       #10    (20, 15, 45, 20) vs   (10, 35, 20, 35)    0.106   0.110   0.123    0.148   0.106


  (40, 30, 20, 10)           5057       0.67       0.97   △ TIEBREAK

      Cross-score matrix — each formula's top-10 pairs:

                      Vector A vs           Vector B       MM     WCC      HM   gain_a  gain_b
      ---------------------------------------------------------------------------------------------------------
      max_min's top-10:
        #1    (20, 55, 15, 10) vs   (35, 10, 30, 25)    0.150   0.150   0.151    0.150   0.152
        #2    (20, 15, 55, 10) vs   (10, 30, 30, 30)    0.141   0.142   0.144    0.148   0.141
        #3    (15, 60, 15, 10) vs   (10, 40, 30, 20)    0.137   0.138   0.142    0.137   0.148
        #4    (20, 15, 55, 10) vs   (10, 40, 20, 30)    0.137   0.137   0.139    0.137   0.141
        #5    (20, 55, 15, 10) vs   (50, 10, 15, 25)    0.134   0.136   0.143    0.134   0.152
        #6    (20, 15, 55, 10) vs   (10, 35, 25, 30)    0.128   0.133   0.148    0.128   0.176
        #7    (20, 60, 10, 10) vs   (50, 10, 10, 30)    0.128   0.133   0.150    0.128   0.181
        #8    (20, 25, 45, 10) vs   (40, 10, 20, 30)    0.128   0.128   0.129    0.130   0.128
        #9    (20, 55, 15, 10) vs   (40, 10, 20, 30)    0.128   0.132   0.145    0.167   0.128
       #10    (15, 60, 15, 10) vs   (10, 35, 30, 25)    0.127   0.131   0.147    0.174   0.127

      weighted_cc's top-10:
        #1    (20, 55, 15, 10) vs   (35, 10, 30, 25)    0.150   0.150   0.151    0.150   0.152
        #2    (20, 15, 55, 10) vs   (10, 30, 30, 30)    0.141   0.142   0.144    0.148   0.141
        #3    (15, 60, 15, 10) vs   (10, 40, 30, 20)    0.137   0.138   0.142    0.137   0.148
        #4    (20, 15, 55, 10) vs   (10, 40, 20, 30)    0.137   0.137   0.139    0.137   0.141
        #5    (20, 55, 15, 10) vs   (50, 10, 15, 25)    0.134   0.136   0.143    0.134   0.152
        #6    (20, 60, 10, 10) vs   (50, 10, 10, 30)    0.128   0.133   0.150    0.128   0.181
        #7    (20, 15, 55, 10) vs   (10, 35, 25, 30)    0.128   0.133   0.148    0.128   0.176
        #8    (20, 55, 15, 10) vs   (40, 10, 20, 30)    0.128   0.132   0.145    0.167   0.128
        #9    (15, 60, 15, 10) vs   (10, 35, 30, 25)    0.127   0.131   0.147    0.174   0.127
       #10    (15, 60, 15, 10) vs   (10, 40, 25, 25)    0.127   0.131   0.143    0.165   0.127

      harmonic_mean's top-10:
        #1    (20, 55, 15, 10) vs   (35, 10, 30, 25)    0.150   0.150   0.151    0.150   0.152
        #2    (20, 60, 10, 10) vs   (50, 10, 10, 30)    0.128   0.133   0.150    0.128   0.181
        #3    (20, 15, 55, 10) vs   (10, 35, 25, 30)    0.128   0.133   0.148    0.128   0.176
        #4    (15, 60, 15, 10) vs   (10, 35, 30, 25)    0.127   0.131   0.147    0.174   0.127
        #5    (20, 55, 15, 10) vs   (40, 10, 20, 30)    0.128   0.132   0.145    0.167   0.128
        #6    (20, 15, 55, 10) vs   (10, 30, 30, 30)    0.141   0.142   0.144    0.148   0.141
        #7    (15, 60, 15, 10) vs   (10, 40, 25, 25)    0.127   0.131   0.143    0.165   0.127
        #8    (20, 55, 15, 10) vs   (50, 10, 15, 25)    0.134   0.136   0.143    0.134   0.152
        #9    (15, 60, 15, 10) vs   (10, 40, 30, 20)    0.137   0.138   0.142    0.137   0.148
       #10    (15, 65, 10, 10) vs   (10, 25, 35, 30)    0.119   0.124   0.141    0.174   0.119


  (20, 20, 20, 20, 20)      14700       0.00       0.97   △ TIEBREAK
                          MaxMin top-10 scores all ≈0.108 (flat cluster → arbitrary tiebreaking)


====================================================================================================
  Leontief vs KL  (min_component=10)
====================================================================================================
  Vector                    Valid    Jaccard   Spearman   Verdict
  -------------------------------------------------------------------------------------
  (50, 25, 25)                380       0.67       0.99   △ TIEBREAK

      Cross-score matrix — each formula's top-10 pairs:

                      Vector A vs           Vector B       MM     WCC      HM   gain_a  gain_b
      ---------------------------------------------------------------------------------------------------------
      max_min's top-10:
        #1        (30, 15, 55) vs       (60, 30, 10)    0.273   0.279   0.301    0.336   0.273
        #2        (30, 55, 15) vs       (60, 30, 10)    0.273   0.279   0.301    0.336   0.273
        #3        (30, 15, 55) vs       (60, 10, 30)    0.265   0.272   0.296    0.336   0.265
        #4        (30, 55, 15) vs       (60, 10, 30)    0.265   0.272   0.296    0.336   0.265
        #5        (30, 15, 55) vs       (55, 10, 35)    0.218   0.230   0.265    0.336   0.218
        #6        (30, 15, 55) vs       (55, 35, 10)    0.218   0.230   0.265    0.336   0.218
        #7        (30, 55, 15) vs       (55, 10, 35)    0.218   0.230   0.265    0.336   0.218
        #8        (30, 55, 15) vs       (55, 35, 10)    0.218   0.230   0.265    0.336   0.218
        #9        (30, 15, 55) vs       (65, 10, 25)    0.202   0.215   0.252    0.336   0.202
       #10        (30, 15, 55) vs       (65, 25, 10)    0.202   0.215   0.252    0.336   0.202

      weighted_cc's top-10:
        #1        (30, 15, 55) vs       (60, 30, 10)    0.273   0.279   0.301    0.336   0.273
        #2        (30, 55, 15) vs       (60, 30, 10)    0.273   0.279   0.301    0.336   0.273
        #3        (30, 15, 55) vs       (60, 10, 30)    0.265   0.272   0.296    0.336   0.265
        #4        (30, 55, 15) vs       (60, 10, 30)    0.265   0.272   0.296    0.336   0.265
        #5        (30, 15, 55) vs       (55, 10, 35)    0.218   0.230   0.265    0.336   0.218
        #6        (30, 15, 55) vs       (55, 35, 10)    0.218   0.230   0.265    0.336   0.218
        #7        (30, 55, 15) vs       (55, 10, 35)    0.218   0.230   0.265    0.336   0.218
        #8        (30, 55, 15) vs       (55, 35, 10)    0.218   0.230   0.265    0.336   0.218
        #9        (30, 15, 55) vs       (65, 10, 25)    0.202   0.215   0.252    0.336   0.202
       #10        (30, 15, 55) vs       (65, 25, 10)    0.202   0.215   0.252    0.336   0.202

      harmonic_mean's top-10:
        #1        (30, 15, 55) vs       (60, 30, 10)    0.273   0.279   0.301    0.336   0.273
        #2        (30, 55, 15) vs       (60, 30, 10)    0.273   0.279   0.301    0.336   0.273
        #3        (30, 15, 55) vs       (60, 10, 30)    0.265   0.272   0.296    0.336   0.265
        #4        (30, 55, 15) vs       (60, 10, 30)    0.265   0.272   0.296    0.336   0.265
        #5        (30, 15, 55) vs       (55, 10, 35)    0.218   0.230   0.265    0.336   0.218
        #6        (30, 15, 55) vs       (55, 35, 10)    0.218   0.230   0.265    0.336   0.218
        #7        (30, 55, 15) vs       (55, 10, 35)    0.218   0.230   0.265    0.336   0.218
        #8        (30, 55, 15) vs       (55, 35, 10)    0.218   0.230   0.265    0.336   0.218
        #9        (25, 15, 60) vs       (60, 30, 10)    0.193   0.211   0.255    0.193   0.374
       #10        (25, 60, 15) vs       (60, 30, 10)    0.193   0.211   0.255    0.193   0.374


  (60, 20, 20)                306       0.67       0.98   △ TIEBREAK

      Cross-score matrix — each formula's top-10 pairs:

                      Vector A vs           Vector B       MM     WCC      HM   gain_a  gain_b
      ---------------------------------------------------------------------------------------------------------
      max_min's top-10:
        #1        (40, 15, 45) vs       (65, 10, 25)    0.223   0.225   0.233    0.223   0.244
        #2        (40, 15, 45) vs       (65, 25, 10)    0.223   0.224   0.229    0.223   0.235
        #3        (40, 45, 15) vs       (65, 10, 25)    0.223   0.224   0.229    0.223   0.235
        #4        (40, 45, 15) vs       (65, 25, 10)    0.223   0.223   0.225    0.223   0.227
        #5        (40, 15, 45) vs       (70, 10, 20)    0.223   0.223   0.223    0.223   0.223
        #6        (40, 15, 45) vs       (70, 20, 10)    0.223   0.223   0.223    0.223   0.223
        #7        (40, 45, 15) vs       (70, 10, 20)    0.214   0.215   0.218    0.223   0.214
        #8        (40, 45, 15) vs       (70, 20, 10)    0.214   0.215   0.218    0.223   0.214
        #9        (40, 20, 40) vs       (65, 10, 25)    0.189   0.192   0.205    0.223   0.189
       #10        (40, 40, 20) vs       (65, 10, 25)    0.189   0.192   0.205    0.223   0.189

      weighted_cc's top-10:
        #1        (40, 15, 45) vs       (65, 10, 25)    0.223   0.225   0.233    0.223   0.244
        #2        (40, 15, 45) vs       (65, 25, 10)    0.223   0.224   0.229    0.223   0.235
        #3        (40, 45, 15) vs       (65, 10, 25)    0.223   0.224   0.229    0.223   0.235
        #4        (40, 45, 15) vs       (65, 25, 10)    0.223   0.223   0.225    0.223   0.227
        #5        (40, 15, 45) vs       (70, 10, 20)    0.223   0.223   0.223    0.223   0.223
        #6        (40, 15, 45) vs       (70, 20, 10)    0.223   0.223   0.223    0.223   0.223
        #7        (40, 45, 15) vs       (70, 10, 20)    0.214   0.215   0.218    0.223   0.214
        #8        (40, 45, 15) vs       (70, 20, 10)    0.214   0.215   0.218    0.223   0.214
        #9        (40, 20, 40) vs       (65, 10, 25)    0.189   0.192   0.205    0.223   0.189
       #10        (40, 40, 20) vs       (65, 10, 25)    0.189   0.192   0.205    0.223   0.189

      harmonic_mean's top-10:
        #1        (40, 15, 45) vs       (65, 10, 25)    0.223   0.225   0.233    0.223   0.244
        #2        (40, 15, 45) vs       (65, 25, 10)    0.223   0.224   0.229    0.223   0.235
        #3        (40, 45, 15) vs       (65, 10, 25)    0.223   0.224   0.229    0.223   0.235
        #4        (40, 45, 15) vs       (65, 25, 10)    0.223   0.223   0.225    0.223   0.227
        #5        (40, 15, 45) vs       (70, 10, 20)    0.223   0.223   0.223    0.223   0.223
        #6        (40, 15, 45) vs       (70, 20, 10)    0.223   0.223   0.223    0.223   0.223
        #7        (40, 45, 15) vs       (70, 10, 20)    0.214   0.215   0.218    0.223   0.214
        #8        (40, 45, 15) vs       (70, 20, 10)    0.214   0.215   0.218    0.223   0.214
        #9        (35, 15, 50) vs       (65, 10, 25)    0.160   0.177   0.216    0.160   0.336
       #10        (45, 15, 40) vs       (65, 10, 25)    0.164   0.179   0.216    0.315   0.164


  (70, 15, 15)                127       0.67       0.97   △ TIEBREAK

      Cross-score matrix — each formula's top-10 pairs:

                      Vector A vs           Vector B       MM     WCC      HM   gain_a  gain_b
      ---------------------------------------------------------------------------------------------------------
      max_min's top-10:
        #1        (55, 15, 30) vs       (75, 10, 15)    0.113   0.114   0.116    0.113   0.118
        #2        (55, 15, 30) vs       (75, 15, 10)    0.113   0.114   0.116    0.113   0.118
        #3        (55, 30, 15) vs       (75, 10, 15)    0.113   0.114   0.116    0.113   0.118
        #4        (55, 30, 15) vs       (75, 15, 10)    0.113   0.114   0.116    0.113   0.118
        #5        (55, 15, 30) vs       (70, 10, 20)    0.101   0.102   0.107    0.113   0.101
        #6        (55, 15, 30) vs       (70, 20, 10)    0.101   0.102   0.107    0.113   0.101
        #7        (55, 30, 15) vs       (70, 10, 20)    0.101   0.102   0.107    0.113   0.101
        #8        (55, 30, 15) vs       (70, 20, 10)    0.101   0.102   0.107    0.113   0.101
        #9        (55, 25, 20) vs       (75, 10, 15)    0.088   0.091   0.099    0.113   0.088
       #10        (55, 25, 20) vs       (75, 15, 10)    0.088   0.091   0.099    0.113   0.088

      weighted_cc's top-10:
        #1        (55, 15, 30) vs       (75, 10, 15)    0.113   0.114   0.116    0.113   0.118
        #2        (55, 15, 30) vs       (75, 15, 10)    0.113   0.114   0.116    0.113   0.118
        #3        (55, 30, 15) vs       (75, 10, 15)    0.113   0.114   0.116    0.113   0.118
        #4        (55, 30, 15) vs       (75, 15, 10)    0.113   0.114   0.116    0.113   0.118
        #5        (55, 15, 30) vs       (70, 10, 20)    0.101   0.102   0.107    0.113   0.101
        #6        (55, 15, 30) vs       (70, 20, 10)    0.101   0.102   0.107    0.113   0.101
        #7        (55, 30, 15) vs       (70, 10, 20)    0.101   0.102   0.107    0.113   0.101
        #8        (55, 30, 15) vs       (70, 20, 10)    0.101   0.102   0.107    0.113   0.101
        #9        (55, 25, 20) vs       (75, 10, 15)    0.088   0.091   0.099    0.113   0.088
       #10        (55, 25, 20) vs       (75, 15, 10)    0.088   0.091   0.099    0.113   0.088

      harmonic_mean's top-10:
        #1        (55, 15, 30) vs       (75, 10, 15)    0.113   0.114   0.116    0.113   0.118
        #2        (55, 15, 30) vs       (75, 15, 10)    0.113   0.114   0.116    0.113   0.118
        #3        (55, 30, 15) vs       (75, 10, 15)    0.113   0.114   0.116    0.113   0.118
        #4        (55, 30, 15) vs       (75, 15, 10)    0.113   0.114   0.116    0.113   0.118
        #5        (55, 15, 30) vs       (70, 10, 20)    0.101   0.102   0.107    0.113   0.101
        #6        (55, 15, 30) vs       (70, 20, 10)    0.101   0.102   0.107    0.113   0.101
        #7        (55, 30, 15) vs       (70, 10, 20)    0.101   0.102   0.107    0.113   0.101
        #8        (55, 30, 15) vs       (70, 20, 10)    0.101   0.102   0.107    0.113   0.101
        #9        (50, 15, 35) vs       (75, 10, 15)    0.076   0.086   0.106    0.076   0.176
       #10        (50, 15, 35) vs       (75, 15, 10)    0.076   0.086   0.106    0.076   0.176


  (50, 30, 20)                515       0.67       0.97   △ TIEBREAK

      Cross-score matrix — each formula's top-10 pairs:

                      Vector A vs           Vector B       MM     WCC      HM   gain_a  gain_b
      ---------------------------------------------------------------------------------------------------------
      max_min's top-10:
        #1        (25, 15, 60) vs       (65, 10, 25)    0.261   0.263   0.271    0.282   0.261
        #2        (25, 15, 60) vs       (60, 10, 30)    0.252   0.255   0.266    0.282   0.252
        #3        (25, 15, 60) vs       (70, 10, 20)    0.235   0.240   0.256    0.282   0.235
        #4        (35, 20, 45) vs       (55, 35, 10)    0.223   0.226   0.240    0.223   0.261
        #5        (35, 20, 45) vs       (60, 30, 10)    0.223   0.225   0.233    0.223   0.244
        #6        (25, 20, 55) vs       (65, 10, 25)    0.218   0.225   0.246    0.282   0.218
        #7        (25, 15, 60) vs       (55, 10, 35)    0.210   0.217   0.241    0.282   0.210
        #8        (25, 20, 55) vs       (60, 10, 30)    0.210   0.217   0.241    0.282   0.210
        #9        (30, 15, 55) vs       (65, 10, 25)    0.210   0.217   0.241    0.282   0.210
       #10        (35, 20, 45) vs       (50, 40, 10)    0.210   0.211   0.216    0.223   0.210

      weighted_cc's top-10:
        #1        (25, 15, 60) vs       (65, 10, 25)    0.261   0.263   0.271    0.282   0.261
        #2        (25, 15, 60) vs       (60, 10, 30)    0.252   0.255   0.266    0.282   0.252
        #3        (25, 15, 60) vs       (70, 10, 20)    0.235   0.240   0.256    0.282   0.235
        #4        (35, 20, 45) vs       (55, 35, 10)    0.223   0.226   0.240    0.223   0.261
        #5        (25, 20, 55) vs       (65, 10, 25)    0.218   0.225   0.246    0.282   0.218
        #6        (35, 20, 45) vs       (60, 30, 10)    0.223   0.225   0.233    0.223   0.244
        #7        (25, 15, 60) vs       (55, 10, 35)    0.210   0.217   0.241    0.282   0.210
        #8        (25, 20, 55) vs       (60, 10, 30)    0.210   0.217   0.241    0.282   0.210
        #9        (30, 15, 55) vs       (65, 10, 25)    0.210   0.217   0.241    0.282   0.210
       #10        (35, 20, 45) vs       (50, 40, 10)    0.210   0.211   0.216    0.223   0.210

      harmonic_mean's top-10:
        #1        (25, 15, 60) vs       (65, 10, 25)    0.261   0.263   0.271    0.282   0.261
        #2        (25, 15, 60) vs       (60, 10, 30)    0.252   0.255   0.266    0.282   0.252
        #3        (25, 15, 60) vs       (70, 10, 20)    0.235   0.240   0.256    0.282   0.235
        #4        (25, 20, 55) vs       (65, 10, 25)    0.218   0.225   0.246    0.282   0.218
        #5        (25, 15, 60) vs       (55, 10, 35)    0.210   0.217   0.241    0.282   0.210
        #6        (25, 20, 55) vs       (60, 10, 30)    0.210   0.217   0.241    0.282   0.210
        #7        (30, 15, 55) vs       (65, 10, 25)    0.210   0.217   0.241    0.282   0.210
        #8        (35, 20, 45) vs       (55, 35, 10)    0.223   0.226   0.240    0.223   0.261
        #9        (30, 15, 55) vs       (60, 10, 30)    0.202   0.210   0.235    0.282   0.202
       #10        (25, 15, 60) vs       (75, 10, 15)    0.202   0.210   0.235    0.282   0.202


  (25, 25, 25, 25)           2464       0.67       0.99   △ TIEBREAK
                          MaxMin top-10 scores all ≈0.463 (flat cluster → arbitrary tiebreaking)

  (40, 30, 20, 10)           9236       0.11       0.97   △ TIEBREAK
                          MaxMin top-10 scores all ≈0.381 (flat cluster → arbitrary tiebreaking)

  (20, 20, 20, 20, 20)       2400       1.00       1.00   ✓ AGREEMENT


====================================================================================================
  SUMMARY TABLE
====================================================================================================

  Model Pair             Vector                   Valid   Jaccard   Spearman  Verdict
  -----------------------------------------------------------------------------------------------
  L1 vs L2               (50, 25, 25)                72      1.00       1.00  ✓ AGREEMENT
  L1 vs L2               (60, 20, 20)               108      1.00       0.99  ✓ AGREEMENT
  L1 vs L2               (70, 15, 15)               164      1.00       0.98  ✓ AGREEMENT
  L1 vs L2               (50, 30, 20)                72      1.00       0.99  ✓ AGREEMENT
  L1 vs L2               (25, 25, 25, 25)         27264      1.00       0.99  ✓ AGREEMENT
  L1 vs L2               (40, 30, 20, 10)         31751      0.00       0.99  △ TIEBREAK
  L1 vs L2               (20, 20, 20, 20, 20)   1692000      0.00       0.99  △ TIEBREAK
  L1 vs Leontief         (50, 25, 25)               494      1.00       0.90  ~ PARTIAL
  L1 vs Leontief         (60, 20, 20)               328      1.00       0.85  ~ PARTIAL
  L1 vs Leontief         (70, 15, 15)                85      1.00       0.88  ~ PARTIAL
  L1 vs Leontief         (50, 30, 20)               597      0.67       0.85  ✗ DIVERGENCE
  L1 vs Leontief         (25, 25, 25, 25)          3712      1.00       1.00  ✓ AGREEMENT
  L1 vs Leontief         (40, 30, 20, 10)         10318      0.18       0.79  ✗ DIVERGENCE
  L1 vs Leontief         (20, 20, 20, 20, 20)      3250      1.00       1.00  ✓ AGREEMENT
  L2 vs Leontief         (50, 25, 25)               606      1.00       0.97  ✓ AGREEMENT
  L2 vs Leontief         (60, 20, 20)               484      0.25       0.97  △ TIEBREAK
  L2 vs Leontief         (70, 15, 15)               245      1.00       0.97  ✓ AGREEMENT
  L2 vs Leontief         (50, 30, 20)               717      0.54       0.96  △ TIEBREAK
  L2 vs Leontief         (25, 25, 25, 25)          5248      0.00       1.00  △ TIEBREAK
  L2 vs Leontief         (40, 30, 20, 10)         12222      0.00       0.96  △ TIEBREAK
  L2 vs Leontief         (20, 20, 20, 20, 20)      6700      1.00       1.00  ✓ AGREEMENT
  KL vs L1               (50, 25, 25)               136      1.00       0.98  ✓ AGREEMENT
  KL vs L1               (60, 20, 20)                46      0.67       0.99  △ TIEBREAK
  KL vs L1               (70, 15, 15)                 0         —          —  ⚠ DEGENERATE
  KL vs L1               (50, 30, 20)               135      1.00       0.99  ✓ AGREEMENT
  KL vs L1               (25, 25, 25, 25)          1248      1.00       1.00  ✓ AGREEMENT
  KL vs L1               (40, 30, 20, 10)          2866      0.05       0.99  △ TIEBREAK
  KL vs L1               (20, 20, 20, 20, 20)      1000      1.00       1.00  ✓ AGREEMENT
  KL vs L2               (50, 25, 25)               230      0.43       0.94  ✗ DIVERGENCE
  KL vs L2               (60, 20, 20)               182      1.00       0.95  ~ PARTIAL
  KL vs L2               (70, 15, 15)               126      0.43       0.92  ✗ DIVERGENCE
  KL vs L2               (50, 30, 20)               246      0.67       0.97  △ TIEBREAK
  KL vs L2               (25, 25, 25, 25)          3648      0.00       0.90  ✗ DIVERGENCE
  KL vs L2               (40, 30, 20, 10)          5057      0.67       0.97  △ TIEBREAK
  KL vs L2               (20, 20, 20, 20, 20)     14700      0.00       0.97  △ TIEBREAK
  Leontief vs KL         (50, 25, 25)               380      0.67       0.99  △ TIEBREAK
  Leontief vs KL         (60, 20, 20)               306      0.67       0.98  △ TIEBREAK
  Leontief vs KL         (70, 15, 15)               127      0.67       0.97  △ TIEBREAK
  Leontief vs KL         (50, 30, 20)               515      0.67       0.97  △ TIEBREAK
  Leontief vs KL         (25, 25, 25, 25)          2464      0.67       0.99  △ TIEBREAK
  Leontief vs KL         (40, 30, 20, 10)          9236      0.11       0.97  △ TIEBREAK
  Leontief vs KL         (20, 20, 20, 20, 20)      2400      1.00       1.00  ✓ AGREEMENT

====================================================================================================
  RECOMMENDATIONS
====================================================================================================

  ✗ GENUINE DIVERGENCE (5 cases) — formula choice affects survey pairs:
    • L1 vs Leontief, (50, 30, 20): Spearman 0.85, 597 valid pairs
    • L1 vs Leontief, (40, 30, 20, 10): Spearman 0.79, 10318 valid pairs
    • KL vs L2, (50, 25, 25): Spearman 0.94, 230 valid pairs
    • KL vs L2, (70, 15, 15): Spearman 0.92, 126 valid pairs
    • KL vs L2, (25, 25, 25, 25): Spearman 0.90, 3648 valid pairs
    → WeightedCC (λ=0.1) recommended: stays close to MaxMin while adding
      principled tiebreaking. HarmonicMean promotes lopsided pairs in these cases.

  △ TIEBREAKING ARTIFACTS (17 cases) — low Jaccard from flat score clusters:
    • L1 vs L2, (40, 30, 20, 10): Spearman 0.99, 31751 valid pairs
    • L1 vs L2, (20, 20, 20, 20, 20): Spearman 0.99, 1692000 valid pairs
    • L2 vs Leontief, (60, 20, 20): Spearman 0.97, 484 valid pairs
    • L2 vs Leontief, (50, 30, 20): Spearman 0.96, 717 valid pairs
    • L2 vs Leontief, (25, 25, 25, 25): Spearman 1.00, 5248 valid pairs
    • L2 vs Leontief, (40, 30, 20, 10): Spearman 0.96, 12222 valid pairs
    • KL vs L1, (60, 20, 20): Spearman 0.99, 46 valid pairs
    • KL vs L1, (40, 30, 20, 10): Spearman 0.99, 2866 valid pairs
    • KL vs L2, (50, 30, 20): Spearman 0.97, 246 valid pairs
    • KL vs L2, (40, 30, 20, 10): Spearman 0.97, 5057 valid pairs
    • KL vs L2, (20, 20, 20, 20, 20): Spearman 0.97, 14700 valid pairs
    • Leontief vs KL, (50, 25, 25): Spearman 0.99, 380 valid pairs
    • Leontief vs KL, (60, 20, 20): Spearman 0.98, 306 valid pairs
    • Leontief vs KL, (70, 15, 15): Spearman 0.97, 127 valid pairs
    • Leontief vs KL, (50, 30, 20): Spearman 0.97, 515 valid pairs
    • Leontief vs KL, (25, 25, 25, 25): Spearman 0.99, 2464 valid pairs
    • Leontief vs KL, (40, 30, 20, 10): Spearman 0.97, 9236 valid pairs
    → Any formula works. WeightedCC provides deterministic tiebreaking.

  ⚠ DEGENERATE (1 cases) — too few or no valid pairs:
    • KL vs L1, (70, 15, 15): 0 valid pairs
    → Flag as unsuitable_for_strategy in production.

  ✓ AGREEMENT (19 cases) — all formulas equivalent, no action needed.

  Overall: 36/42 cases are formula-independent. 5 require attention.

